1   11488  3202  105  7
2   11363  3129  91   9
3   11290  3190  87   5
4   11406  3141  82   10
5   11320  3213  100  7
6   11280  3174  92   5
7   11365  3192  98   8
8   11473  3187  91   9
9   11364  3182  113  5
10  11430  3154  109  9
11  11394  3187  101  6
12  11431  3111  83   6
13  11537  3277  96   9
14  11393  3109  90   6
15  11306  3203  98   6
16  11379  3164  105  7
17  11264  3136  107  13
18  11396  3160  106  9
19  11463  3134  94   8
20  11455  3185  105  7
21  11385  3135  119  11
22  11444  3130  82   5
23  11372  3214  83   9
24  11399  3223  86   9
25  11393  3196  90   5
26  11358  3237  95   7
27  11410  3166  91   6
28  11277  3115  96   13
29  11203  3121  96   13
30  11319  3168  116  7
31  11407  3214  87   10
32  11255  3124  93   10
33  11357  3140  84   9
34  11338  3159  105  6
35  11484  3199  97   12
36  11328  3170  101  7
37  11275  3156  97   5
38  11440  3160  100  5
39  11361  3160  83   3
40  11384  3223  100  5
